row.ID	Anisacanthus.quadrifidus	Physostegia.virginiana	Ruellia.brittoniana	Salvia.azurea	Salvia.ballotiflora	Salvia.blepharophylla	Salvia.chionophylla	Salvia.coccinea	Salvia.darcyi	Salvia.farinacea	Salvia.greggii	Salvia.leucantha	Salvia.microphylla	Salvia.regla	Salvia.roemeriana	Salvia.sinaloensis	Scutellaria.suffrutescens	Scutellaria.wrightii	Stachys.coccinea
133	0	14140.75	0	0	0	0	0	0	0	0	0	0	0	0	17476.33	0	68271.3	0	62874.32
171	0	0	0	0	0	0	0	0	0	653.602	0	0	0	0	0	0	0	0	0
216	0	0	0	0	0	0	0	0	0	0	447.3608	0	0	0	0	0	0	0	0
842	6903.62	0	3586.263	0	0	0	0	0	0	0	0	0	0	0	0	0	0	0	0
1127	0	18329.83	0	0	0	0	0	0	0	0	0	0	0	0	0	0	0	0	0
1784	0	0	6499.81	0	0	0	0	0	0	0	0	0	0	0	0	0	0	0	0
1845	0	0	8548.044	0	0	0	0	0	0	0	0	0	0	0	0	0	0	0	0
4257	2661.711	0	0	0	0	0	0	0	0	0	0	0	0	0	0	0	0	0	0
5736	0	0	0	3332.813	0	0	0	0	0	0	0	0	0	0	0	0	0	0	0
6018	0	564.3427	0	0	0	0	0	0	0	0	0	0	0	0	0	0	0	0	0
6151	0	0	0	0	37202.799	2838.988	0	0	3512.191	0	0	17734.188	0	0	0	0	0	0	0
13889	2014.523	0	0	0	0	0	0	0	0	0	0	0	0	0	0	0	0	0	0
18671	0	0	25519.37	0	0	23239.89	206105.44	9156.12	0	0	0	0	0	0	0	0	0	0	0
19753	0	678.05338	0	0	0	48.16718	0	0	0	0	0	0	0	0	0	12701.14923	0	424.34873	0
21348	0	0	0	0	0	0	0	0	0	0	2532.043	0	0	0	0	0	0	0	0
21531	0	0	4873.629	0	0	2082.328	11904.703	0	0	0	0	0	0	0	0	0	0	0	0
21862	0	0	5652.248	0	0	6329.342	22676.904	0	0	0	0	0	0	0	0	0	0	0	0
21916	0	0	769.3379	0	0	2168.0581	2083.3321	947.8833	0	0	0	0	0	0	0	0	0	0	0
22850	0	0	223947.16	78967.08	0	67035.22	712658.71	57918.5	0	0	0	0	0	0	0	0	0	0	0
22984	0	0	0	0	0	6813.582	0	0	0	0	0	0	0	0	0	0	0	0	0
23022	0	0	0	0	0	0	0	0	0	0	575.88	0	268.3852	0	562.1727	0	0	407.6778	0
23062	0	0	0	0	7943.7852	1973.6141	0	0	3130.903	0	740.4516	3711.2866	0	0	0	0	0	0	0
23152	0	0	0	0	0	0	41535.19	0	0	0	0	0	0	0	0	0	0	0	0
23273	0	0	0	0	0	3532.105	29985.082	0	0	0	0	0	0	0	0	0	0	0	0
23374	0	0	0	14142.88	0	0	16011.04	0	0	0	0	0	0	0	0	0	0	0	0
23424	20905.1281	0	0	0	0	0	0	0	0	417.7582	304.0647	0	0	0	0	0	0	0	7832.7309
23567	0	0	0	0	0	0	0	0	0	0	0	0	0	0	0	0	0	1287.349	0
23568	0	0	0	0	0	0	0	0	0	0	0	0	0	0	0	0	0	437.8459	0
23569	0	0	0	0	0	0	0	0	0	0	0	0	0	0	0	0	0	10063.15	0
23924	528.9534	0	0	0	0	0	0	0	0	0	0	0	0	0	0	0	26796.6905	33532.4884	0
23929	0	0	0	0	0	0	0	0	0	0	0	0	0	0	0	0	0	582.0599	0
23930	0	0	0	0	0	0	0	0	0	0	0	0	0	0	0	0	830.794	4431.679	0
23968	0	0	0	0	0	0	0	0	0	631.5472	0	0	0	0	0	0	0	0	0
24313	0	0	0	0	8448.12073	49.46266	0	0	0	0	0	2198.12839	0	0	0	0	0	0	0
24326	0	0	0	0	1151.922	0	0	0	0	0	0	0	0	0	0	0	0	0	0
24343	0	0	0	0	0	712.4652	0	670.7604	0	0	0	0	0	0	0	0	0	0	0
24559	0	0	0	0	0	0	0	0	0	0	0	0	0	0	0	0	0	1532.721	0
24799	0	0	0	0	3881.1967	0	0	0	596.222	0	0	697.2927	0	0	0	0	0	0	0
25090	0	0	0	0	0	0	0	0	0	0	401.6898	0	0	0	0	0	0	0	0
25156	0	0	0	0	0	0	0	0	0	0	473.4515	0	269.576	0	0	0	0	0	0
25642	0	0	0	0	0	0	0	282.7979	0	0	330.5706	0	0	0	483.5709	0	0	0	0
25943	0	0	2182.5028	0	0	743.8569	1076.3342	1307.379	0	0	0	0	0	0	0	0	0	0	0
25944	0	0	8395.443	1801.446	0	5418.388	15534.83	3125.02	0	0	0	0	0	0	0	0	0	0	0
25965	0	0	0	0	0	2424.805	0	0	0	0	0	0	0	0	0	0	0	0	0
26008	4386.776	0	0	0	0	0	0	0	0	0	0	0	0	0	0	0	0	0	0
26579	0	0	0	0	12066.059	1367.882	0	0	0	0	0	5005.865	0	0	0	0	0	0	0
26976	0	0	0	0	21165.929	6037.683	0	0	11279.383	0	0	7369.52	0	0	0	0	0	0	0
27338	0	0	0	5713.5636	23054.445	4009.2934	2130.1284	2606.7376	3293.3714	2955.2179	0	5109.0408	0	0	2853.5169	0	978.6072	0	0
27393	0	0	0	1414.603	0	0	0	0	0	0	0	0	0	0	0	0	0	0	0
27627	0	0	0	0	0	0	0	0	0	0	0	0	0	0	0	0	473.585	0	0
27910	0	0	111994.61	35613.25	0	100015.35	338355.07	27221.57	0	0	0	0	0	0	0	0	0	0	0
28037	0	0	0	0	0	0	0	0	0	0	0	0	0	0	0	0	2691.819	0	0
28104	0	0	0	0	0	0	0	0	0	0	0	0	0	1997.089	0	0	0	0	0
28235	0	0	0	0	34383.731	7775.975	0	0	12273.676	0	0	13760.163	0	0	0	0	0	0	0
28247	0	0	0	0	0	0	0	178.4323	0	0	0	0	0	0	0	0	0	0	0
28438	0	0	0	0	2812.023	0	0	0	0	0	0	0	0	0	0	0	0	0	0
28582	0	0	1685.3805	1713.9168	0	4789.673	9851.7167	1061.4872	420.0819	0	0	0	0	0	0	0	0	0	0
28618	0	0	4660.8095	1738.2061	0	904.3455	1562.9157	641.4111	201.5796	0	0	0	257.1756	0	5105.7335	0	0	442.1119	0
28695	0	0	988.9799	1382.9718	0	0	1192.2958	0	0	0	0	0	0	0	943.343	0	0	367.8381	0
28737	0	0	12199.696	7128.92	0	12914.31	37884.915	3402.447	0	0	0	0	0	0	0	0	0	0	0
29335	2254.931	0	0	0	0	0	14445.826	0	0	6175.07	0	0	0	0	0	0	0	0	0
29353	28989.012	13975.532	0	12711.022	120061.486	33670.02	0	7429.353	45114.078	32996.54	8452.456	36503.503	0	26214.522	0	0	35238.744	0	0
29395	0	0	0	0	1820.297	0	0	0	2424.956	0	0	0	0	0	0	0	0	0	0
29403	0	0	0	3880.45	32647.728	2889.828	0	0	0	9964.812	0	0	0	0	0	0	2748.274	0	0
29544	0	0	0	0	0	2749.089	0	1514.775	0	0	0	0	0	0	0	0	0	0	0
29675	0	0	0	0	1810.243	0	0	0	0	0	0	0	0	0	0	0	0	0	0
29777	0	0	0	0	0	0	0	967.973	0	842.4638	2024.6686	0	4431.7401	0	0	0	2757.9423	0	0
29869	0	0	0	0	5395.859	0	0	0	0	0	0	0	0	0	0	0	0	0	0
29882	0	0	0	0	0	0	0	0	9677.445	0	0	0	3293.264	0	0	0	0	0	0
29952	1128.7431	0	0	0	0	0	0	0	0	622.8492	0	3318.0796	0	0	0	0	1607.2782	0	0
29988	0	0	0	0	0	0	0	6219.984	0	0	0	0	0	0	0	0	0	0	0
30079	0	0	0	0	0	0	0	0	0	2731.459	0	0	0	0	0	0	1611.14	0	0
30094	0	0	0	0	3252323.7	786518.8	0	0	1088108.9	0	0	1078576.8	0	0	0	0	0	0	0
30100	0	0	0	0	0	0	0	0	0	0	59742.31	0	0	0	0	0	0	0	0
30254	0	0	0	0	0	12235.03	0	0	0	0	0	0	0	0	0	0	0	0	0
30639	0	0	0	0	0	0	0	0	0	0	2893.681	0	5800.281	0	0	0	0	16511.59	0
30658	0	0	0	0	0	0	0	0	0	0	39753.72	0	0	0	0	0	0	0	0
30716	0	0	0	0	21886.795	0	0	0	2358.136	0	0	0	0	0	0	0	0	0	0
30822	0	0	0	0	11114.661	0	0	0	1971.257	0	0	0	0	0	0	0	0	0	0
31021	0	0	0	0	0	4608.093	0	1799.242	0	4343.542	0	3173.502	0	0	0	120995.556	0	0	0
31090	0	0	56520.43	0	0	0	101859.94	0	14120.48	0	0	0	0	0	20140.62	0	0	0	0
31118	0	0	0	0	0	1667.571	0	0	1350.167	0	0	1108.296	0	0	0	0	0	0	0
31583	0	0	0	3077.171	0	0	0	0	0	0	0	0	0	0	0	0	0	0	0
31974	0	0	0	0	0	21016.65	0	0	0	0	0	0	0	0	0	0	0	0	0
32058	0	0	0	0	0	0	0	0	0	0	860.2079	0	0	0	0	0	0	0	0
32121	0	0	5282.328	0	0	0	0	0	0	0	0	0	0	0	0	0	0	0	0
32168	0	0	0	0	189725.8	0	0	0	0	0	0	0	0	0	0	0	0	0	0
32303	0	0	0	0	0	0	0	0	0	0	626.0939	0	0	0	0	0	0	0	0
32441	10784.308	2430.051	0	0	0	0	0	0	0	0	0	0	6662.684	0	0	37856.056	42945.022	5020.74	0
32510	0	0	0	0	39964.28	27564.55	0	0	19988.6	0	0	30481.25	0	0	0	0	0	0	0