row.ID	Anisacanthus.quadrifidus	Physostegia.virginiana	Ruellia.brittoniana	Salvia.azurea	Salvia.ballotiflora	Salvia.blepharophylla	Salvia.chionophylla	Salvia.coccinea	Salvia.darcyi	Salvia.farinacea	Salvia.greggii	Salvia.leucantha	Salvia.microphylla	Salvia.regla	Salvia.roemeriana	Salvia.sinaloensis	Scutellaria.suffrutescens	Scutellaria.wrightii	Stachys.coccinea
74	0	0	0	0	57.15585	0	0	0	0	0	0	0	0	0	0	0	0	0	0
97	0	0	0	0	0	0	0	1176.141	0	0	0	0	0	0	0	0	0	0	0
100	0	0	0	0	0	0	0	0	0	0	0	0	0	1135.834	0	0	0	0	0
122	0	0	0	0	0	0	0	0	0	0	329.5268	676.0184	0	0	0	0	0	0	0
131	760.46677	960.14119	208.56767	0	0	0	0	1714.17686	58.22772	0	0	0	0	56.79898	632.27411	106.89918	207.00621	0	571.59457
213	26.07131	1703.85071	174.29079	913.09375	275.33998	32.06671	50.55592	0	57.58045	37.95303	0	0	0	0	22.49016	0	0	0	0
217	0	449.7626	0	0	174.50563	0	0	665.42911	0	0	45.38924	0	0	0	648.58421	0	137.52235	0	0
220	0	0	0	0	0	0	809.76273	0	0	0	0	0	0	0	0	0	24.31003	0	0
304	0	0	20618.3092	0	0	61313.8678	0	0	0	0	33257.118	0	0	0	0	0	0	0	756.8951
334	0	0	0	0	0	1966.795	21878.949	0	0	2201.763	0	56530.546	0	4599.831	0	0	0	0	0
446	0	0	0	0	0	0	0	0	0	0	0	0	0	0	0	0	2396.294	0	0
451	378131.79	1664366.69	0	0	0	0	0	0	0	0	0	0	0	0	0	0	476571.25	176261.08	19759.73
472	0	0	0	0	0	3974.104	0	0	0	0	0	21009.335	0	0	0	0	0	0	0
508	0	0	0	0	0	2195.2202	6743.776	557.9199	0	6068.467	0	0	0	0	0	0	0	0	0
520	0	0	0	0	4345.833	0	0	0	0	0	0	0	0	0	0	0	0	0	0
566	16853.8215	0	0	0	28049.7399	443.5517	0	17779.2728	0	6319.9644	0	90648.0918	25764.2356	3671.176	0	0	0	0	0
569	0	0	2140.783	0	0	226166.254	0	0	0	0	0	0	0	0	0	0	0	0	0
600	0	0	0	5949.7314	0	0	300.6647	0	0	0	0	0	6648.8833	13488.2611	0	0	0	0	0
601	0	0	0	0	0	13819.2714	245.5152	0	0	0	0	0	5909.3579	195.6059	0	0	0	0	0
608	55812.2023	0	0	3680.8077	22641.4083	92005.7399	13081.9215	136.6683	9058.5686	0	1057.9281	0	12856.9211	1448.7197	2080.7258	0	573.946	2360.3682	0
619	0	0	0	0	0	0	0	0	0	0	0	0	0	0	0	0	0	0	482.5196
622	0	0	0	0	0	516.7687	0	0	0	0	0	0	0	0	0	0	0	0	0
623	0	1484.091	0	0	0	0	0	0	0	0	0	0	0	0	0	0	0	0	0
658	0	0	3404.6497	0	258.2145	6951.0641	1457.4849	0	4264.8469	1551.6001	0	0	1941.8453	304.5526	0	0	0	0	0
665	0	0	5362.261	0	0	0	0	0	0	0	0	0	0	0	0	0	0	0	0
679	0	686.9342	0	0	0	0	0	0	0	0	0	0	0	0	0	0	0	0	0
697	0	0	0	0	0	0	0	0	0	0	0	0	0	3145.029	0	0	0	0	0
699	0	0	0	0	617.85	0	0	0	0	0	0	0	0	0	0	0	0	0	0
729	0	579.7902	0	0	0	0	0	0	0	0	0	0	0	0	0	0	0	0	0
759	0	16116.26	0	0	0	0	0	0	0	0	0	0	0	0	0	0	0	0	0
760	0	0	139.6645	0	0	1693.9707	0	0	0	5388.3395	418.9185	0	0	155.5378	0	374.8584	0	0	0
767	0	0	0	0	0	0	0	0	0	0	219.8164	0	0	0	0	0	0	0	0
769	0	9439.533	0	0	0	0	0	0	0	0	0	0	0	0	0	0	0	0	0
789	0	0	20633.33	0	0	40941.6	0	0	0	0	0	0	0	0	0	0	0	0	0
807	0	469.7247	0	0	0	0	0	0	0	0	0	0	0	0	0	0	0	0	0
812	0	0	0	0	0	0	0	0	0	0	0	0	0	0	0	0	2057.4804	294.0767	0
823	0	0	0	0	0	0	0	1314.741	0	27199.557	0	0	0	0	0	0	0	0	0
850	0	0	0	0	0	9191.96	0	0	0	0	0	0	0	0	4787.265	0	0	0	0
928	0	2037.2481	0	0	0	149.3323	0	0	0	0	0	0	0	0	0	0	0	0	0
963	0	0	0	0	0	0	0	0	28.95124	0	1471.58242	0	0	0	0	0	0	0	0
965	0	0	0	0	0	0	0	0	0	0	0	0	0	0	0	0	0	477.8245	0
967	0	11033.47331	51673.32573	65266.03277	72.26469	0	0	9326.06916	0	65662.27506	0	54466.35536	0	0	0	20572.59886	38999.56955	28885.16873	0
973	0	15944.65	0	0	0	0	0	0	0	0	0	0	0	0	0	0	0	0	16259.01
976	0	5199.696	0	0	0	0	0	0	0	0	0	0	0	0	0	0	0	0	0
986	0	5038.93275	0	0	0	0	0	0	0	0	0	0	0	0	0	0	33.14556	0	0
991	0	0	184.3243	0	0	0	0	0	0	0	0	0	0	0	0	0	0	0	0
1002	910.0619	0	0	0	0	0	0	0	0	0	0	0	0	0	0	0	0	0	0
1018	0	0	0	0	0	0	0	0	0	0	0	0	1560.2699	311.6204	0	0	0	0	0
1087	0	0	0	0	0	0	0	0	0	2153.9405	0	0	0	0	0	65.04569	0	0	0
1095	0	0	0	0	0	0	0	0	0	1599.96147	0	0	0	0	0	26.31925	0	0	0
1097	0	0	0	0	0	0	0	0	0	4239.1336	0	0	0	0	0	143.8091	0	0	0
1112	0	0	0	0	0	0	0	0	0	0	0	0	0	0	326.9719	0	0	0	0
1125	0	0	0	0	0	0	0	0	0	0	5056.91	0	0	0	0	0	0	0	0
1187	0	0	0	0	0	0	0	0	0	0	0	0	2124.3636	194.6073	0	0	0	0	0
1231	0	913.8324	0	0	0	0	0	0	0	0	0	0	0	0	0	0	472.371	0	0
1283	17186.17	0	0	0	0	0	0	0	0	0	0	0	0	0	0	0	0	0	0
1301	0	0	0	0	0	0	0	0	0	305.0517	0	0	0	0	0	367.9421	0	0	0
1311	0	0	0	0	0	0	0	0	0	534.3989	0	0	0	0	0	0	0	0	0
1315	0	0	0	0	0	0	0	0	0	151.3206	343.3442	0	0	0	0	141.6265	0	0	0
1376	0	1382.9796	293.4862	1180.6881	0	0	4482.2564	135.5836	926.7108	1779.9584	2171.7009	0	0	562.2668	0	412.2271	0	0	0
1386	0	59568.5	0	0	0	0	0	0	0	0	0	0	0	0	0	0	0	0	36827.07
1389	0	2186.695	0	0	0	0	0	0	0	0	0	0	0	0	0	0	0	0	4219.874
1391	0	0	0	0	0	0	0	0	0	0	499.0208	0	0	0	0	0	0	0	0
1392	0	4208.163	0	0	0	0	0	0	0	0	0	0	0	0	0	0	0	0	1649.347
1395	0	0	0	0	0	1361.03	0	0	0	141.1901	867.1009	847.2358	0	482.8599	0	0	0	0	0
1429	4830.5814	0	2639.9473	4930.3134	5788.9781	24952.9314	4559.7116	1945.2772	10354.1344	8332.6346	3359.7741	14496.5154	65414.7701	5007.7647	0	2697.8528	6070.3072	2072.0533	426.7342
1448	0	0	0	0	0	0	0	0	0	0	0	0	0	11254.69	0	0	0	0	0
1523	0	0	0	0	0	0	0	0	0	0	277.0011	0	0	0	0	0	0	0	0
1605	2083.098	0	5726.626	0	0	0	0	0	0	0	0	0	0	0	0	0	0	0	0
1683	0	0	0	0	0	0	0	0	0	0	0	0	0	0	0	0	133.286	2266.057	0
1705	0	0	364.4549	0	0	551.9494	0	0	0	0	0	0	0	0	0	0	0	0	0
1768	0	0	0	0	204.8589	2622.8513	0	0	1270.3076	0	1358.6122	0	0	0	0	0	0	0	0
1808	7726.522	0	0	0	0	0	0	0	0	0	0	0	0	0	0	0	0	0	0
1864	0	0	0	0	0	0	0	0	0	0	0	1037.58	0	0	0	0	0	0	0
1869	7331.327	0	0	0	0	0	0	0	0	0	0	0	0	0	0	0	0	0	0
1890	0	0	0	0	0	576.20677	88.92582	0	2371.03123	0	0	0	0	140.45462	5392.27405	0	0	0	0
1916	144542	0	0	0	0	0	0	0	0	0	0	0	0	0	0	0	0	0	0
1932	1560.3	0	0	0	0	0	0	0	0	0	0	0	0	0	0	0	0	0	0
1982	0	0	0	0	0	8929.302	0	0	0	0	0	13187.123	0	0	0	0	0	0	0
1983	0	0	0	0	0	2803.759	0	0	0	0	0	0	0	0	0	0	0	0	0
1986	0	0	0	0	0	2941.212	0	0	0	0	0	0	0	0	0	0	0	0	0
1989	23025.1042	0	2589.664	1626.7286	4649.9246	186148.4139	14004.5259	808.9562	5704.7076	9457.9798	10542.4595	37892.9534	45597.7954	8069.4228	0	0	5712.1135	2284.9462	0
1990	0	0	0	0	0	3804.181	0	0	0	0	0	0	0	0	0	0	0	0	0
1991	337.1909	0	0	0	0	0	0	0	0	0	0	0	0	0	0	0	0	0	0
1992	12333.6559	0	849.9797	580.2501	1910.6865	98299.6826	7002.6	287.1653	2117.3623	1188.1347	4138.129	15582.9285	25024.5615	3733.7464	0	0	2213.3927	1071.6264	0
1995	1961.4291	0	0	0	0	17718.5115	1143.3955	0	0	0	0	1384.4209	3468.5916	0	0	0	249.0694	619.1673	0
1999	0	0	0	0	0	2751.393	0	0	0	0	0	0	0	0	0	0	0	0	0
2006	0	0	0	0	0	5768.681	0	0	0	0	0	0	0	0	0	0	0	0	0
2035	1068.2796	0	0	0	0	870.4925	0	0	0	0	0	0	0	0	0	0	0	0	0
2038	10574.9318	0	774.8636	550.6827	0	4266.2332	0	277.923	0	1255.7499	1265.6815	719.038	0	472.8127	0	2605.4242	2775.8969	546.3126	407.8298
2040	622.57707	0	0	0	0	811.2745	0	0	0	0	0	0	0	0	0	59.73464	0	0	0
2046	96427.1205	11876.2899	11916.8369	6207.1918	130.7441	38057.3181	4811.1691	9976.8032	1331.0823	6910.7978	14238.1004	9992.5458	588.7338	5452.9349	4340.1109	29247.9597	36836.1153	19947.9755	6635.6203
2048	37606.5817	4118.3704	4184.0863	2163.5003	541.0046	25107.9311	1384.5186	3479.7513	0	4478.0911	4960.8101	5278.6754	0	1888.9241	1007.7258	10395.0645	14200.8202	6764.6493	1853.1007
2055	0	0	0	0	0	3190.859	0	0	0	0	0	818.284	0	0	0	0	0	0	0
2061	0	0	0	0	1045.4265	21883.1327	0	340.7886	170.4645	0	0	0	0	0	598.4096	0	0	0	0
2075	2188.5043	0	0	0	0	7504.0979	0	0	0	127.4658	0	0	0	0	0	0	0	0	0
2076	0	0	0	0	0	19626.46156	0	0	2139.0151	0	88.95431	6643.28965	0	0	0	0	0	0	0
2083	0	0	0	0	0	5924.011	0	0	0	206.192	0	0	0	0	0	0	0	0	0
2085	9046.92085	452.30174	92.26921	0	0	29904.03801	747.7614	0	0	1074.76156	0	2215.53908	13568.71403	0	0	1385.84125	183.41801	183.76707	0
2094	50570.8498	2307.4061	1418.468	2420.5766	550.9616	146222.5575	6329.5454	0	2923.5694	7975.2657	309.3468	12095.903	78801.5193	1272.5429	348.3608	3919.5347	0	1254.2662	0
2095	95444.7082	6474.7337	4469.1657	6093.7265	3021.3072	279150.0309	13858.6022	0	7176.0314	19300.0275	925.4515	25310.7425	149385.4444	4160.2431	1385.5098	10270.3245	0	3488.4471	948.2813
2096	0	0	0	0	0	619.7683	0	0	0	0	0	0	0	0	0	0	0	0	0
2097	0	0	0	0	0	0	145.0369	0	0	1502.5482	484.2736	0	0	0	175.8898	0	310.4434	931.5258	0
2139	0	0	0	0	191.1556	0	0	0	0	0	0	0	0	0	523.2703	0	0	1048.6882	0
2141	2106.613	0	0	0	0	0	0	0	0	0	0	0	0	0	0	0	0	0	0
2174	0	0	0	0	0	980.2012	0	0	0	0	0	0	0	0	0	0	0	0	0
2175	0	0	0	0	0	0	0	0	0	0	0	0	0	0	0	0	0	6113.422	0
2177	0	150.2694	0	0	0	0	0	0	0	494.7015	0	0	0	0	354.0464	0	0	899.5838	0
2201	16549.39	0	0	0	0	0	0	0	0	0	0	0	0	0	0	0	0	0	0
2230	0	0	0	0	0	0	0	0	0	0	0	0	0	0	0	0	0	1377.502	0
2243	8244.93	0	0	0	0	0	0	0	0	0	0	0	0	0	0	0	0	0	0
2255	0	0	0	0	0	372.6639	0	0	0	0	0	0	0	0	0	0	0	0	0
2264	0	0	0	0	0	0	0	0	0	0	0	0	0	0	0	0	0	4391.433	0
2272	0	0	0	0	0	1656.518	0	0	0	0	0	0	0	0	0	0	0	0	0
2281	354.2022	0	0	0	0	0	0	0	0	0	0	0	0	0	0	0	0	0	0
2337	0	1689.35	0	0	0	0	0	0	0	0	0	0	0	0	0	0	0	0	0
2353	1209.399	0	0	0	0	0	0	0	0	0	0	0	0	0	0	0	0	0	0
2386	0	0	0	1959.265	0	0	0	0	0	0	0	0	0	0	0	0	0	0	0
2442	0	0	0	0	0	0	0	0	0	0	0	5917.313	0	0	0	0	0	0	0
2445	0	0	0	0	0	0	493.0585	0	0	0	143.6181	0	0	0	0	0	0	0	0
2479	0	0	2198.828	0	0	0	0	0	0	0	0	0	0	0	0	0	0	0	0
2481	0	507.286	0	0	0	0	0	0	0	0	0	0	0	0	0	0	0	0	0
2494	0	0	0	0	0	0	0	0	0	0	0	0	0	0	0	810.0999	0	0	0
2500	0	0	0	0	1504.36287	0	0	0	0	73.95814	0	0	0	0	0	0	0	0	0
2516	0	0	0	0	0	0	0	0	0	0	0	0	0	0	489.3025	4710.4667	0	0	0
2521	0	0	0	0	0	0	0	0	0	0	0	0	0	0	0	255.1164	0	0	0
2523	1103.7016	0	0	0	0	988.1178	0	0	0	0	0	0	0	0	0	0	0	0	0
2547	0	0	0	0	0	331.3995	1770.9039	0	0	0	735.887	806.9045	0	0	0	0	0	0	0
2571	0	0	0	0	353.66739	273.95863	2398.64134	0	65.17612	153.02688	0	3245.0785	0	0	0	40.02186	0	0	0
2575	164.6861	0	0	0	0	0	0	0	0	0	0	0	0	0	0	0	0	0	0
2580	0	0	8242.868	0	0	0	0	0	0	0	0	0	0	0	0	0	0	0	0
2589	0	0	0	0	0	0	0	0	0	946.708	0	0	0	0	373.0595	3629.8164	0	0	0
2662	302.4827	0	0	0	0	0	0	0	0	0	0	0	0	0	0	0	0	0	0
2742	0	0	0	0	0	0	0	0	0	0	0	0	0	0	0	0	0	3460.315	0
2766	0	0	0	0	0	0	0	0	0	0	0	0	0	0	0	0	0	71082.14	0
2768	201.0569	0	0	0	0	0	0	0	0	0	0	0	0	0	0	0	0	0	0
2833	0	0	0	0	0	0	0	0	0	0	0	0	0	0	0	0	1192.057	178004.044	0
2863	0	0	0	0	0	0	0	0	0	0	0	0	0	0	0	0	0	49350.57	0
2870	443.3291	0	0	0	0	0	0	0	0	0	0	0	0	0	0	0	0	0	0
2929	0	0	0	0	304.1506	0	0	0	0	0	0	0	0	0	0	0	0	0	0
2983	0	0	0	0	0	263.7233	0	0	0	0	0	0	0	0	0	0	0	0	0
2996	0	0	2515.2844	0	0	245.6562	0	0	0	0	0	0	0	0	0	0	0	0	0
3106	0	0	0	0	0	670.6824	0	0	0	0	0	0	0	796.51	0	0	0	0	0
3119	318.88468	0	0	0	0	0	0	166.76358	0	45.70007	232.07464	0	0	0	0	0	0	0	0
3131	0	0	0	0	652.8097	1725.3732	0	0	9785.925	0	0	0	0	0	0	0	0	0	0
3138	709.8314	0	0	0	0	0	0	0	0	0	0	0	0	0	0	0	0	0	0
3192	0	0	11652.26	0	0	0	0	0	0	0	0	0	0	0	0	0	0	0	0
3193	7984.0902	0	0	0	0	0	0	137.2094	0	134.9441	0	0	0	0	0	0	0	0	0
3204	0	0	1624.826	0	0	463.362	0	0	0	0	0	0	0	0	0	0	0	0	0
3207	0	0	0	0	1335.17	0	0	0	0	0	0	0	0	0	0	0	0	0	0
3251	0	0	0	0	0	0	0	0	0	0	0	0	0	0	0	0	102.5667	0	0
3259	0	0	0	0	1247.09614	0	3921.30114	222.24966	57.84271	488.13522	1231.03233	761.45171	0	3468.4941	0	0	1473.26956	0	0
3260	101.5026	0	0	0	0	0	0	0	0	0	0	0	0	0	0	0	0	0	0
3264	0	0	216.4032	0	0	0	0	0	0	0	0	0	0	0	0	0	0	0	0
3300	0	1665.692	0	0	0	0	0	0	0	0	0	0	0	0	0	0	0	0	0
3361	0	0	176.5624	0	0	0	0	0	0	0	0	0	0	0	0	0	0	0	0
3365	0	254.03405	564.89454	0	899.32343	6213.2779	0	43.47981	14064.22392	403.11184	237.7381	324.00864	0	0	0	1054.62738	1775.3307	0	421.23487
3380	0	0	153.2331	0	0	0	0	0	0	0	0	0	0	0	0	0	0	0	0
3397	0	0	0	0	0	0	0	0	0	0	0	0	0	0	0	0	0	0	7745.187
3416	0	0	0	789.0638	0	0	0	0	0	0	0	0	0	0	0	0	0	0	0
3456	135545.5594	0	0	0	0	0	0	0	0	157.4581	0	0	7011.2335	0	0	0	0	0	0
3497	2041.0553	0	0	0	0	0	0	0	0	452.5912	0	0	0	0	0	0	0	0	0
3560	645.4499	0	0	0	0	0	0	0	0	0	0	0	0	0	0	0	0	0	0
3613	0	0	0	0	0	0	0	0	0	776.1354	0	0	0	0	0	0	0	0	0
3629	0	0	0	0	0	0	0	0	0	0	0	0	0	0	0	0	0	0	5396.013
3641	0	0	0	0	0	0	0	203.8507	0	0	0	0	0	0	0	0	0	0	0
3666	0	0	0	0	0	0	0	0	0	0	0	0	0	229.7352	0	0	0	0	0
3832	1238.38	0	0	0	0	0	0	0	0	0	0	0	0	0	0	0	0	0	0
3843	0	0	0	0	0	0	0	0	0	2278.4267	0	0	0	0	0	174.8024	0	0	0
3866	0	0	0	0	0	0	0	0	0	0	0	0	0	0	0	0	0	0	1996.951
3886	0	0	743.7299	0	0	0	0	0	0	0	0	0	0	0	0	0	0	0	0
3935	0	0	0	0	0	0	0	0	0	299.3136	0	0	0	0	0	0	0	0	0
3954	4602.491	0	0	0	0	602.286	0	0	0	272.235	0	0	0	0	0	0	0	0	0
4037	0	0	0	0	0	19455.33	0	0	0	0	2656.957	0	26250.954	0	0	0	0	0	0
4145	0	0	0	0	0	0	0	0	0	189.902	0	0	0	0	0	0	0	0	0
4156	0	0	5821.159	0	0	0	0	0	0	0	0	0	0	0	0	0	0	0	0
4295	294.6481	0	0	0	0	0	0	0	0	0	0	0	0	0	0	0	0	0	0
4319	0	0	0	0	0	0	0	0	0	0	0	0	0	0	0	0	0	0	2016.631
4329	0	0	0	0	0	0	0	0	0	0	0	0	0	0	0	268.0232	0	0	0
4345	52.40973	0	0	0	0	0	0	0	0	0	0	0	0	0	0	0	0	0	0
4370	0	0	0	0	0	0	0	0	0	0	0	0	0	0	0	0	0	0	907.6276
4404	0	0	0	0	0	8369.629	0	0	0	0	0	0	0	0	0	0	0	0	0
4458	0	0	0	0	0	0	0	0	0	0	0	0	0	0	0	56.0874	0	1022.6494	0
4545	466.7362	0	0	0	0	0	0	0	0	0	0	0	0	0	0	0	0	0	0
4557	0	0	0	0	0	0	0	0	0	0	0	0	0	0	0	0	0	0	336.6838
4561	1017.74	0	0	0	0	0	0	0	0	0	0	0	0	0	0	0	0	0	0
4574	0	0	0	0	0	0	0	0	0	0	0	0	0	0	0	0	0	0	1511.186
4600	3412.403	0	0	0	0	0	0	0	0	0	0	0	0	0	0	0	0	0	0
4617	0	0	0	0	0	0	0	0	0	0	0	0	781.3055	0	0	0	0	0	0
4665	0	0	0	0	0	0	0	0	0	0	0	3744.195	0	0	0	0	0	0	0
4706	0	0	0	0	0	0	0	0	0	0	490.183	0	0	0	0	0	0	0	0
4708	0	0	0	258.7393	0	0	0	0	0	0	0	0	5143.1505	0	0	0	0	0	0
4785	0	0	39164.09	0	0	0	0	0	0	0	0	0	0	0	0	0	0	0	0
4786	2920.108	0	0	0	0	0	0	0	0	0	0	0	0	0	0	0	0	0	0
4812	0	0	0	0	0	0	0	0	0	0	0	0	69186.74	0	0	0	0	0	0
4825	0	0	0	0	0	0	0	0	0	0	0	0	12158.37	0	0	0	0	0	0
4870	0	0	0	0	0	0	0	0	0	0	0	0	0	0	0	0	0	5279.859	0
4904	0	0	0	0	0	0	654.3965	0	0	0	0	0	0	0	0	0	0	0	0
4916	619.1392	0	0	0	0	0	0	0	0	0	0	0	0	0	0	0	0	0	0
4951	0	0	1086.707	0	0	0	0	0	0	0	0	0	0	0	0	0	0	0	0
5075	0	0	0	0	0	0	378.6158	0	0	0	0	0	0	0	0	0	0	0	0
5134	0	0	0	0	0	819.0702	0	0	0	0	0	0	0	0	0	0	0	0	0
5152	0	0	0	0	0	0	0	0	0	8366.6592	0	0	0	0	0	411.5138	0	0	0
5245	0	0	0	0	0	0	0	0	0	0	0	0	0	0	0	0	0	704.3263	0
5287	0	0	0	0	230.8441	0	0	0	0	0	0	0	0	0	0	0	0	0	0
5297	0	0	0	0	0	0	0	0	0	0	0	10895.76	0	0	0	0	0	0	0
5317	16479.8973	0	0	2530.6699	0	99196.6839	279.7517	0	0	0	0	0	0	11331.8137	0	0	0	0	0
5331	0	0	0	0	0	0	0	7981.846	0	0	0	0	0	0	0	0	0	0	0
5361	0	0	0	0	0	0	0	0	0	0	0	0	12181.35	0	0	0	0	0	0
5370	0	0	0	0	0	0	0	0	0	0	0	293.2247	0	0	0	0	0	0	0
5390	0	0	0	0	0	0	0	0	0	0	0	0	2463.014	0	0	0	0	0	0
5428	0	0	0	0	0	0	0	0	0	233.9556	0	0	0	0	0	0	0	0	0
5475	1318.85	0	0	0	0	0	0	0	0	0	0	0	0	0	0	0	0	0	0
5534	0	0	0	0	0	0	540.9093	0	0	0	0	0	0	0	0	0	0	0	0
5540	0	0	0	0	0	0	16325.22	0	0	0	0	0	0	0	0	0	0	0	0
5569	972.35	0	0	0	0	0	0	0	0	0	0	0	14643.78	0	0	0	0	0	0
5630	0	0	0	0	0	0	0	0	0	0	0	0	0	2825.631	0	0	0	0	0
5632	0	0	706.9716	0	0	0	0	0	0	0	0	0	0	0	0	0	0	0	0
5659	0	0	0	0	0	0	0	67.82677	0	0	0	0	0	0	0	0	0	0	0
5767	0	0	0	0	0	0	0	0	0	0	0	0	15635.93	0	0	0	0	0	0
5770	0	0	0	0	0	0	0	0	0	0	510.2669	0	3652.3706	0	0	0	0	0	0
5848	0	0	0	0	0	0	0	0	0	1678.9588	0	0	0	0	0	712.9098	0	0	0
5915	0	0	0	0	0	0	0	0	0	0	0	0	1508.348	0	0	0	0	0	0
5991	0	0	0	0	0	0	0	0	0	391.7965	0	0	0	0	0	0	0	0	0
6135	11774.36	0	0	0	0	0	0	0	0	0	0	0	0	0	0	0	0	0	0
6138	0	0	0	0	0	0	148.5957	0	0	0	0	0	0	0	0	0	0	0	0
6171	3089.635	0	0	0	0	0	0	0	0	0	0	0	11655.562	0	0	0	0	0	0
6184	0	0	0	0	0	0	0	0	0	0	0	0	0	0	0	0	0	1322.689	0
6236	0	0	0	0	0	25574.41	0	0	0	0	0	0	0	0	0	0	0	0	0
6263	0	0	101.7215	0	0	0	0	0	0	0	0	0	0	0	0	0	0	0	0
6288	0	0	0	0	0	0	0	0	0	0	0	8139.044	0	0	0	0	0	0	0
6359	0	0	0	0	0	0	800.3496	0	0	0	0	0	0	0	0	0	0	0	0
6392	0	0	0	0	0	0	483.4621	0	0	0	0	0	0	0	0	0	0	0	0
6402	0	0	0	0	0	0	0	0	0	228.6723	0	0	0	0	0	632.3238	0	0	0
6436	0	0	0	0	0	0	0	0	0	88.87433	0	0	0	0	0	144.7055	0	0	0
6525	0	0	0	0	0	0	0	0	0	0	0	879.8067	0	0	0	0	0	0	0
6574	0	0	0	0	0	7076.8561	0	0	0	0	0	0	0	0	0	0	0	242.4265	0
6575	0	0	0	0	0	0	0	0	0	0	0	0	0	1867.58	0	0	0	0	0
6636	0	0	0	0	0	0	0	0	0	0	307.7306	0	180.2727	0	0	0	0	0	0
6642	0	0	0	0	0	0	0	0	0	286.08248	0	0	0	0	0	0	81.16339	0	0
6649	0	0	0	0	0	0	0	0	0	0	1997.1067	0	853.4977	0	0	0	0	0	0
6651	0	1286.77878	38.56217	0	0	1638.35871	0	726.23799	21131.7514	1929.28309	2117.64575	69309.34862	230.36372	0	231.22646	638.54201	0	0	1882.33498
6659	0	0	0	0	0	0	2166.288	0	0	0	0	0	0	0	136.253	0	0	0	0
6769	0	0	0	0	0	0	4145.1322	0	0	176.7548	0	0	0	0	0	1583.0316	0	0	0
6822	0	0	0	0	0	0	0	0	0	1144.237	0	0	0	0	0	0	0	0	0
6839	0	0	0	0	0	0	0	0	0	311.0503	0	0	0	0	0	0	0	0	0
6985	3546.446	0	0	0	0	0	0	0	0	0	0	0	0	0	0	0	0	0	0
6991	0	0	0	0	0	0	0	0	0	0	0	0	0	0	0	0	0	1372.998	0
7020	0	0	0	0	0	0	0	0	0	0	6786.385	0	0	0	0	0	0	0	0
7023	0	0	0	0	0	0	0	0	0	0	533.4589	0	0	0	0	0	0	0	0
7088	2968.319	0	0	0	0	38499.091	0	0	0	0	0	0	0	0	0	0	0	0	0
7140	0	0	0	0	0	0	0	0	0	0	786.413	0	0	0	0	0	0	0	0
7240	0	0	0	0	815.8706	0	0	0	0	0	0	0	0	0	0	0	0	0	0
7281	0	0	0	0	0	10963.896	1323.233	0	0	0	4460.783	499.778	0	0	0	0	0	0	0
7288	0	0	0	0	0	0	0	0	0	0	585.0905	0	0	0	0	0	0	0	0
7497	0	0	1519.436	0	0	0	0	0	0	0	0	0	0	0	0	0	0	0	0
7566	0	0	0	0	621.6154	0	0	0	0	0	0	0	0	0	0	0	0	0	0
7634	0	0	637.0659	0	0	33405.2074	5145.296	0	0	205.8632	15538.5929	5141.429	0	0	0	485.4689	0	0	0
7855	0	0	1148.63333	0	0	0	63.97075	154.08517	320.41551	0	0	0	0	866.39593	0	0	0	0	0
8063	0	0	0	0	0	0	0	0	0	0	1230.532	0	0	0	0	0	0	0	0
8102	587.0403	0	0	0	0	39584.5516	0	0	0	0	0	0	0	0	0	0	0	0	0
8122	0	0	0	0	109.628	0	0	0	0	0	0	0	0	0	0	0	0	0	0
8138	0	0	0	0	0	0	0	0	0	0	0	8459.588	0	0	0	0	0	0	0
8166	0	0	0	0	0	0	0	491.6754	0	0	0	0	0	0	0	0	0	0	0
8188	2552.432	0	0	0	0	0	0	0	0	0	0	0	0	0	0	0	0	0	0
8193	0	0	0	15294.8482	2117.0274	0	0	10958.8139	0	0	0	0	43590.3338	28400.6986	0	429.1265	0	0	0
8199	0	0	0	0	0	0	0	0	0	0	0	0	0	0	348.845	0	0	0	0
8204	0	0	0	0	0	0	184.6602	0	0	0	568.1775	0	0	0	0	0	0	0	0
8232	0	0	0	0	0	0	0	0	0	0	0	0	0	0	0	0	540.5571	0	0
8420	0	0	0	0	9062.138	0	0	1169.101	0	0	0	0	0	0	0	0	0	0	0
8457	0	0	0	0	0	0	0	0	0	0	1705.083	0	0	0	0	0	0	0	0
8514	0	0	0	0	0	0	0	0	0	186.4604	0	0	0	0	0	2481.8435	0	0	0
8515	0	0	0	0	0	0	0	0	0	2697.656	0	1231.417	0	0	0	0	0	0	0
8560	4225.596	0	0	0	0	0	0	0	0	0	0	0	0	0	0	0	0	0	0
8638	0	0	0	0	0	0	0	46.00462	0	0	0	0	0	0	8612.47251	0	0	0	0
8728	0	0	0	0	0	0	8774.205	0	0	0	0	0	0	0	0	0	0	0	0
8870	0	0	724.6751	0	0	0	0	0	0	0	0	0	0	0	0	0	0	0	0
8895	0	0	0	0	0	0	0	0	0	16504.587	0	0	0	0	3499.677	5597.705	0	0	0
8978	0	0	0	0	0	0	0	0	0	0	0	0	0	0	0	0	1570.215	376.6286	0
9025	0	0	0	0	0	0	486.0812	0	0	0	0	0	0	0	0	0	0	0	0
9064	0	0	0	0	0	0	0	0	0	0	0	0	0	0	425.7322	0	0	0	0
9123	0	0	0	0	0	0	0	0	0	0	5161.769	0	3887.009	0	0	0	0	0	0
9164	0	0	0	0	0	0	0	0	0	537.8375	0	0	0	0	0	0	0	0	0
9203	2043.218	0	0	0	0	0	0	0	0	0	0	0	0	0	0	0	0	0	0
9303	0	0	0	0	0	0	0	0	0	17472.619	23269.071	0	2909.524	0	0	0	0	0	0
9318	0	0	0	0	0	0	0	0	0	0	5485.33	0	0	0	0	0	0	0	0
9330	0	0	0	0	0	0	0	0	0	0	0	0	0	0	0	0	6420.928	4275.668	0
9371	0	0	0	0	0	0	0	0	0	0	0	0	0	0	0	0	2615.8237	755.2558	0
9501	0	0	0	0	0	0	0	0	0	0	0	0	0	0	56681.79	0	0	0	0
9601	0	0	0	0	0	0	0	0	0	0	0	0	0	408.0283	0	0	0	0	0
9639	0	0	0	0	0	0	0	0	0	0	0	2193.723	0	0	0	0	0	0	0
9657	0	0	0	0	90.7757	0	0	223.712	0	0	600.2339	0	7810.0398	0	0	549.0808	0	0	0
9670	0	0	0	0	0	2280.684	0	0	0	0	0	0	0	0	0	0	0	0	0
9815	0	0	0	0	0	0	48416.89	0	0	0	0	0	0	0	0	0	0	0	0
9840	0	0	0	0	0	0	848.9923	0	0	4859.5372	0	0	0	0	0	0	0	0	0
9877	0	0	0	0	0	0	0	0	0	0	0	0	0	0	0	96.85664	0	0	0
9878	0	0	0	0	0	0	0	0	0	0	0	0	0	0	0	108.4625	0	0	0
10059	0	0	0	0	0	0	0	0	0	0	0	506.7452	0	0	0	0	0	0	0
10063	55.35984	0	0	0	0	0	0	0	0	0	0	0	0	0	0	0	0	0	0
10114	3726.452	0	0	0	0	0	0	0	0	0	0	0	0	0	0	0	0	0	0
10152	0	0	0	0	0	0	0	0	111.4208	0	0	0	0	0	0	0	0	0	0
10160	0	0	0	0	0	0	0	0	0	0	0	7462.722	0	0	0	0	0	4040.15	0
10179	494.0728	0	0	0	0	0	0	0	0	0	0	0	0	0	0	0	0	0	0
10208	0	0	0	0	0	0	0	0	0	7709.333	0	0	0	0	0	63043.652	0	0	0
10297	0	0	0	0	0	0	0	0	0	273.8535	0	0	0	0	0	0	0	0	0
10378	0	0	0	0	0	0	0	19226.9247	0	0	0	0	0	463.7525	0	0	0	0	0
10432	0	0	70.59753	0	0	69196.70029	0	0	0	0	0	0	0	0	0	0	0	1394.96441	0
10437	15242.44	0	0	0	0	0	0	0	0	0	0	0	0	0	0	0	0	0	0
10453	985.3564	0	0	0	0	0	0	0	0	0	0	0	0	0	0	0	0	0	0
10486	0	0	0	0	271.626	0	0	0	0	0	0	0	0	0	0	0	0	0	0
10562	0	0	0	0	0	0	0	0	0	0	0	5493.895	0	0	0	0	0	0	0
10587	2172.377	0	0	0	0	0	0	0	0	0	0	0	0	0	0	0	0	0	0
10651	0	0	0	0	0	1150.165	0	0	0	0	0	0	0	0	0	0	0	0	0
10657	0	0	0	0	0	0	0	0	0	0	0	0	0	2417.64	0	0	0	0	0
10664	0	0	0	0	0	0	0	0	0	3363.127	0	33148.465	0	0	0	0	0	0	0
10759	0	0	0	0	0	0	3157.19	0	0	0	0	0	0	0	0	0	0	0	0
10769	0	0	579.4438	0	0	0	0	110.8141	278.0103	0	0	0	8194.1388	3059.3286	0	0	0	0	0
10820	0	0	0	0	0	0	0	0	0	0	0	0	0	0	0	0	434.1886	0	0
10968	0	0	0	0	0	0	173.6768	0	0	0	0	0	0	0	0	0	0	0	0
11091	0	0	0	0	0	0	0	0	0	0	0	0	4037.597	0	0	0	0	0	0
11131	0	0	0	0	0	0	0	0	0	0	9254.492	0	6412.081	0	0	0	0	0	0
11148	0	0	0	0	0	0	0	0	216.3782	30036.854	0	27935.1039	0	0	0	0	0	0	0
11260	0	0	0	0	0	2249.103	0	0	0	0	0	0	0	0	0	0	0	0	0
11340	0	0	0	0	0	64563.37	0	0	0	0	0	0	0	0	0	0	0	0	0
11392	0	0	0	0	0	0	0	0	0	5156.632	0	126149.817	0	0	0	0	0	0	0
11591	0	50626.14	0	0	0	0	0	0	0	0	0	0	0	0	0	0	0	0	0
11604	0	0	0	0	0	0	0	0	15114.2	0	0	0	0	0	0	0	0	0	0
11753	0	0	0	0	1320.6684	0	0	0	0	0	0	0	0	842.4749	0	0	0	0	0
11777	0	0	0	0	0	81.9561	0	0	0	0	0	0	0	0	0	0	0	0	0
11779	15039.3	0	0	0	0	0	0	0	0	0	0	0	0	0	0	0	0	0	0
11845	0	0	0	0	0	80.16123	0	0	0	0	0	0	0	0	0	0	0	0	0
11947	10096.46	0	0	0	0	0	0	0	0	0	0	0	0	0	0	0	0	0	0
11965	0	0	0	0	0	0	655.3188	230.3702	0	0	1259.0492	0	0	0	0	0	0	0	0
11970	25644.49	21342.3	0	0	0	0	0	0	0	0	0	0	0	0	0	0	0	0	0
11986	0	0	0	0	0	0	0	0	0	0	0	0	0	0	317.2888	0	0	0	0
12015	0	0	0	0	874.2589	0	0	0	0	0	895.8139	0	2108.8378	588.5589	283.7418	370.4423	0	0	0
12088	0	0	0	0	13238.3803	0	0	5479.1764	0	11897.1338	0	0	2603.7689	158.2858	12843.9926	24544.2085	0	0	0
12178	221786.8	0	0	0	0	0	0	0	0	0	0	0	0	0	0	0	0	0	0
12194	0	0	0	0	7137.926	0	1562.823	0	0	0	0	0	0	0	0	0	0	0	0
12214	25778.9	0	0	0	0	0	0	0	0	0	0	0	0	0	0	0	0	0	0
12216	11083.1	0	0	0	0	0	0	0	0	0	0	0	0	0	0	0	0	0	0
12256	0	0	0	0	0	0	0	0	0	0	0	0	3722.161	0	0	0	0	0	0
12257	3465.272	0	0	0	0	0	0	0	0	0	0	0	0	0	0	0	0	0	0
12304	0	0	0	0	0	119493.9	0	0	0	0	0	0	0	0	0	0	0	0	0
12319	500.5979	0	0	0	0	0	0	0	0	0	0	0	0	0	0	0	0	0	0
12403	0	0	1092.881	0	0	0	0	0	0	0	0	0	0	0	0	0	0	0	0
12413	0	0	0	0	0	183.9056	8054.2184	0	0	0	0	0	0	0	0	0	0	0	0
12434	0	0	0	0	0	0	0	0	0	0	0	0	0	0	0	0	0	948.7411	0
12566	4585.962	0	0	0	0	0	0	0	0	0	0	0	0	0	0	0	0	0	0
12613	0	0	0	0	0	0	0	0	0	0	0	0	0	0	469.5684	0	0	0	0
12738	0	0	0	0	0	0	0	0	0	0	12396.74	0	0	0	0	0	0	0	0
12881	0	0	0	0	0	5325.554	0	0	0	0	0	0	0	0	0	0	0	0	0
12887	0	0	0	0	0	1690.6873	16257.9927	0	302.6452	0	0	0	0	0	0	0	3756.1752	0	0
12890	0	0	0	0	0	0	0	0	0	0	16878.9	0	0	0	0	0	0	0	0
12915	0	0	0	0	0	0	0	0	0	0	0	0	0	0	0	0	1005.814	0	0
12944	0	0	5992.806	0	0	0	0	0	0	0	0	0	0	0	0	9809.686	0	0	0
13036	0	0	0	0	0	1908.482	0	0	0	0	0	0	0	0	0	0	0	0	0
13070	0	0	0	0	0	0	0	0	0	0	0	0	0	0	0	0	1474.602	0	0
13163	0	0	0	0	0	0	1807.197	0	0	0	0	0	0	0	0	0	0	0	0
13183	6745.524	0	2489.267	0	0	0	0	0	0	0	0	0	0	0	0	0	0	0	0
13293	0	0	0	0	0	9844.153	0	0	0	0	0	0	0	0	0	0	0	0	0
13360	0	0	0	0	0	0	2039.609	0	0	0	0	0	0	0	0	0	0	0	0
13369	0	0	5688.85	0	0	0	0	0	0	0	0	0	2512.205	0	0	0	0	0	0
13438	0	0	0	0	0	0	0	0	0	0	0	0	0	990.8559	0	0	0	0	0
13497	0	0	0	0	0	0	0	0	0	0	0	0	0	0	0	0	0	1606.901	0
13499	0	0	0	0	0	0	0	0	0	0	0	36763.84	0	0	0	0	0	0	0
13560	0	0	0	0	0	0	0	0	0	0	0	10312.02	0	0	0	0	0	0	0
13617	0	0	0	53210.65	0	59017.95	0	0	524136.84	0	0	0	0	0	0	0	0	0	0
13620	0	0	0	0	0	0	0	0	0	0	0	0	0	0	0	0	4126.84	0	0
13640	0	0	0	0	0	32656.84	0	0	0	0	0	0	0	0	0	0	0	0	0
13749	0	0	0	0	0	0	0	0	0	0	0	0	4643.274	0	0	0	0	0	0
13781	0	0	0	0	0	0	0	0	0	0	33700.7948	0	0	277.4481	0	0	0	0	0
13851	0	0	0	0	0	0	0	0	0	0	0	0	0	0	0	0	7977.782	0	0
13899	2329.063	0	0	0	0	0	0	0	0	0	0	0	0	0	0	0	0	0	0
13936	1963.139	0	0	0	0	0	0	0	0	0	0	0	0	0	0	0	0	0	0
13975	0	0	0	9502.8	0	0	0	0	0	0	0	0	0	0	0	0	0	0	0
14036	0	49639.33	0	0	0	0	0	0	0	0	0	0	0	0	0	0	0	0	0
14037	0	15415.04	0	0	0	0	0	0	0	0	0	0	0	0	0	0	0	0	0
14039	0	0	0	0	0	0	0	0	0	0	0	0	0	409.676	0	0	0	0	0
14075	0	0	0	0	0	0	555556	0	0	0	0	0	0	0	0	0	0	0	0
14296	0	0	0	0	0	2342.363	0	0	0	0	0	0	0	0	0	0	0	0	0
14385	6550.805	0	0	0	0	0	0	0	0	0	0	0	0	0	0	0	0	0	0
14605	39318.06	0	0	0	0	0	0	0	0	0	0	0	0	0	0	0	0	0	0
14792	0	0	0	17981.211	0	0	1200.092	0	0	0	0	0	0	0	0	0	0	0	0
14881	87885.5	0	0	0	0	0	0	0	0	0	0	0	0	0	0	0	0	0	0
14893	0	0	0	2393.765	0	0	0	0	0	0	0	0	1979.878	0	0	0	0	0	0
14954	34404.35	0	0	0	0	0	0	0	0	0	0	0	0	0	0	0	0	0	0
14959	136971.6	0	0	0	0	0	0	0	0	0	0	0	0	0	0	0	0	0	0
15029	0	0	0	0	0	0	0	0	0	316.1477	0	0	0	0	0	0	0	0	0
15043	0	0	0	0	0	0	0	0	0	0	0	0	0	0	593.5453	0	0	0	0
15053	0	0	0	0	0	0	1495.822	12019.078	0	0	0	0	0	0	0	0	0	0	0
15064	0	0	0	0	0	0	0	0	0	0	0	0	0	0	0	0	91485.28	0	0
15148	100415.8	0	0	0	0	0	0	0	0	0	0	0	0	0	0	0	0	0	0
15153	0	0	0	0	0	0	0	0	0	0	20609.01	0	0	0	0	0	0	0	0
15232	0	0	0	0	0	14365.54	0	4020.42	0	0	0	0	0	0	0	0	0	0	0
15254	0	0	0	0	0	0	1019.643	0	0	0	0	0	0	0	0	0	0	0	0
15256	0	0	0	0	0	0	0	0	0	0	11145.18	0	0	0	0	0	0	0	0
15304	0	0	0	0	0	0	6258.921	0	0	0	0	0	0	0	0	0	0	0	0
15336	0	0	0	0	0	0	0	0	0	0	1801.224	0	0	0	0	0	0	0	0
15382	0	0	0	0	0	0	0	0	0	0	16842.16	0	0	0	0	0	0	0	0
15600	0	0	0	0	281.0797	0	0	0	0	0	0	0	0	0	0	0	0	0	0
15647	0	0	0	0	0	0	0	0	0	0	0	2659.704	0	0	0	0	0	0	0
15720	0	0	0	0	0	0	3469.483	0	0	0	0	0	0	0	0	0	0	0	0
15764	0	475.0427	0	0	0	2986.9945	0	0	123.0891	409.9186	0	0	5674.3243	1012.2353	0	5085.5902	0	0	702.4847
15767	0	0	0	13286.53	0	0	0	0	0	0	0	0	0	0	0	0	0	0	0
15770	0	0	0	0	0	0	0	0	0	0	0	0	0	0	0	0	0	1405.674	0
16310	0	0	0	0	0	0	0	3274.101	0	0	10059.058	0	0	0	0	0	0	0	0
16386	2021.699	0	0	0	0	0	0	0	0	0	0	0	0	0	0	0	0	0	0
16654	0	0	0	0	0	0	0	0	0	0	0	2547.385	0	0	0	0	0	0	0
16810	0	0	0	0	0	0	872.4268	0	0	0	0	0	0	0	0	0	0	0	0
16878	0	0	0	0	0	51654.1	0	0	0	0	0	0	0	0	0	0	0	0	0
16964	64634.76	0	0	0	0	0	0	0	0	0	0	0	0	0	0	0	0	0	0
17109	0	0	0	0	681.528	0	0	0	0	0	0	0	0	0	0	0	0	0	0
17114	0	0	0	0	0	0	0	0	0	0	0	0	0	0	16035.08	0	529.1948	0	0
17372	0	0	0	0	0	0	0	0	0	0	0	594310.5	0	0	0	0	0	0	0
17570	0	0	0	0	0	0	0	1112.715	0	0	0	0	0	0	0	0	0	0	0
17674	0	0	0	0	0	0	0	0	0	0	0	482843.2	0	0	0	0	0	0	0
17700	17033.33	0	0	0	0	0	0	0	0	0	0	0	0	0	0	0	0	0	0
17751	0	0	0	0	0	0	0	2209.091	0	0	26753.01	29115.737	0	0	0	0	0	0	0
17757	0	0	0	0	0	0	0	0	0	0	0	0	0	0	0	0	0	1677.467	0
17875	0	0	0	0	2451.69	0	1054.881	0	0	0	0	0	0	0	0	0	0	0	0
17880	0	0	0	0	0	0	0	0	0	0	0	27381.53	0	0	0	0	0	0	0
17968	0	0	0	0	0	0	0	0	0	0	0	0	0	0	416.1292	0	0	0	391.8694
18118	0	0	0	0	0	0	0	0	0	0	0	0	0	0	0	0	1856.522	0	0
18121	0	0	0	0	0	0	0	0	9777.571	16771.099	0	0	0	0	0	0	0	0	0
18151	0	0	0	0	0	0	0	0	0	0	0	0	0	0	0	304.5312	0	0	0
18296	0	0	0	55084.46	0	0	0	0	0	0	0	0	0	0	0	0	0	0	0
18325	0	0	0	0	0	0	0	0	25428.76	0	0	0	0	0	0	0	0	0	0
18394	0	0	0	0	0	0	0	377.7864	348.0448	0	0	0	17282.0902	1462.4485	0	866.8981	0	0	0
18543	0	0	328.8141	6733.0555	0	0	0	0	0	0	0	0	10593.0291	0	0	0	0	0	0
18659	0	0	0	0	0	0	0	0	0	0	3687.753	0	0	0	0	0	0	0	0
18755	0	0	0	0	3893.148	0	0	0	0	0	0	0	0	0	0	0	0	0	0
18796	0	0	0	0	0	0	0	0	0	0	0	0	0	0	0	0	28089.81	0	0
18798	191532.544	0	5344.509	1596.075	0	13954.304	2922.884	0	0	0	33877.003	0	0	4219.45	0	0	0	0	0
18849	0	0	0	0	0	0	0	0	0	0	0	0	0	0	0	0	243.1755	0	0
18864	13625.55	0	0	0	0	0	0	0	0	0	0	0	0	0	0	0	0	0	0
18932	2969.26	0	0	0	0	0	0	0	0	0	0	0	0	0	0	0	0	0	0
18933	2062.479	0	0	0	0	0	0	0	0	0	0	0	0	0	0	0	0	0	0
18935	4538.165	0	0	0	0	0	0	0	0	0	0	0	0	0	0	0	0	0	0
18948	0	0	0	0	0	0	0	0	0	678.044	0	0	0	0	0	3591.967	0	0	0
19013	0	0	0	0	0	0	0	0	0	0	918.7398	0	0	0	0	0	0	0	0
19058	11396.132	0	199.5315	0	0	20030.4195	1869.5318	0	0	0	0	0	0	14137.5617	0	0	0	0	0
19072	0	0	0	0	7296.024	0	0	0	0	0	0	0	0	0	0	0	0	0	0
19137	1367.328	0	0	0	0	0	0	0	0	0	0	0	0	0	0	0	0	0	0
19241	0	0	0	0	0	0	0	0	0	490.6723	0	0	0	0	0	0	0	0	0
19464	3778.475	0	0	0	0	0	0	0	0	0	0	0	0	0	0	0	0	0	0
19518	0	0	0	14435.44	0	26922	0	0	0	0	0	0	0	0	0	0	0	0	0
19520	0	0	0	0	0	0	0	0	0	0	174541.33	0	14570.01	0	0	0	3773.68	48316.72	0
19579	4543.495	0	0	0	0	0	0	0	0	0	0	0	0	0	0	0	0	0	0
19604	0	0	0	0	0	0	0	0	0	0	0	0	0	0	0	459.9392	0	0	0
19714	0	0	0	0	0	0	0	0	0	0	17124.15	0	0	0	0	0	0	0	0
19829	0	0	0	0	0	0	0	0	0	1089.746	0	0	0	0	0	0	0	0	0
19895	0	0	0	0	0	0	0	0	0	0	0	0	0	0	1068.35	0	0	0	0
20072	0	0	0	0	0	0	0	0	0	12196.18	0	1363.19	0	0	0	0	0	0	0
20138	0	0	0	0	0	0	0	0	0	0	0	12817.74	0	0	0	0	0	0	0
20203	2881.045	0	0	0	0	0	0	0	0	0	0	0	0	0	0	0	0	0	0
20302	10093.28	0	0	0	0	0	0	0	0	0	0	0	0	0	0	0	0	0	0
20378	0	0	0	0	0	0	0	0	62.17579	0	0	0	0	1798.49123	0	0	0	0	0
20548	0	0	0	0	0	0	0	0	0	0	0	0	0	0	0	0	229.4815	0	0
20585	0	0	362.7529	3880.2	0	0	0	7633.497	12993.8571	9589.1307	7353.5609	10775.825	0	4394.69	0	970.7215	201.4418	0	0
20609	3441.257	0	0	0	0	0	0	0	0	0	0	0	0	0	0	0	0	0	0
20656	0	0	0	0	0	0	0	0	473.7604	0	0	0	0	0	0	0	0	0	0
20797	0	0	0	0	11055.76	0	0	0	0	0	0	0	0	0	0	0	0	0	0
20839	0	4709.334	0	0	0	0	0	0	0	0	0	0	0	0	0	0	0	0	0
20857	0	0	0	0	287782.5	0	0	0	0	0	0	0	0	0	0	0	0	0	0
20955	3214.61	0	0	0	0	0	0	0	0	0	0	0	0	0	0	0	0	0	0
21002	894.972	0	0	0	0	0	0	0	0	0	0	0	0	0	0	0	0	0	0
21065	0	0	0	0	0	1427.728	0	0	0	0	0	0	0	0	0	0	0	0	0
21072	3339.977	0	0	0	0	0	0	0	0	0	0	0	0	0	0	0	0	0	0
21361	38277.75	0	0	0	0	0	0	0	0	0	0	0	0	0	0	0	0	0	0
21459	10492.14	0	0	0	0	0	0	0	0	0	0	0	0	0	0	0	0	0	0
21492	0	0	0	0	0	12954.94	0	0	0	0	0	0	0	0	0	0	0	0	0
21512	0	0	0	0	0	0	0	0	0	0	0	0	0	144552.6	0	0	0	0	0
21673	0	0	0	0	0	4780.941	0	0	0	0	0	0	0	0	0	0	0	0	0
21773	0	0	0	0	0	0	0	0	1300.073	0	178997.483	0	73444.567	0	0	0	0	0	0
21825	0	0	0	0	0	506.9135	0	0	19288.1626	431.293	34099.9157	3630.1146	69886.1612	0	0	0	0	0	0
21857	0	0	0	0	0	5082.764	0	0	0	0	0	0	0	0	0	0	0	0	0
22022	876.8546	0	0	0	0	0	0	0	0	0	0	0	0	0	0	0	0	0	0
22023	0	0	0	0	0	0	0	0	0	0	0	0	2721.289	0	0	0	0	0	0
22036	1320.025	0	0	0	0	0	0	0	0	0	0	0	0	0	0	0	0	0	0
22099	0	0	0	0	0	0	0	0	0	0	0	52574	0	0	0	0	0	0	0
22119	0	0	0	0	0	0	0	0	0	0	0	0	0	0	0	0	0	2511.455	0
22194	0	0	0	0	0	611.8991	0	0	0	0	3885.5052	0	0	0	0	0	0	0	0
22218	0	0	0	0	0	738.6854	0	0	0	0	0	0	0	0	0	0	0	0	0
22322	0	0	0	0	0	0	0	0	0	0	0	0	0	0	0	0	0	10797.68	0
22361	0	0	0	0	0	0	847.4551	230.5554	1511.7891	0	0	3688.0765	2086.9479	223.3043	0	0	0	0	0
22477	0	0	0	0	0	0	0	0	0	0	0	0	0	0	0	0	0	3515.099	0
22622	0	0	868.6818	0	0	0	0	0	0	486.0135	715.7182	0	0	0	0	0	0	0	0
22680	0	0	0	0	0	282572.2	0	0	0	0	0	0	0	0	0	0	0	0	0
22793	0	0	0	0	0	0	0	0	0	0	0	0	0	0	0	0	0	3996.492	0
22845	0	0	0	0	0	0	0	0	0	0	0	0	0	0	0	0	0	0	59419.44
23058	0	0	0	0	0	0	0	0	0	0	0	1530.248	0	0	0	0	0	0	0
23119	0	0	0	0	0	0	15648.45	0	0	0	0	0	0	0	0	0	0	0	0
23156	0	0	0	0	25547.8	0	0	0	0	0	0	0	0	0	0	0	0	0	0
23206	2811.919	0	6577.943	6475.76	0	12031.965	5001.444	0	24201.938	1830.762	0	0	6502.715	1867.824	0	0	0	0	0
23302	0	0	0	0	0	0	0	0	0	0	0	0	0	0	0	0	72696.368	1789.862	0
23381	0	0	0	0	0	86.17743	0	0	0	0	0	0	0	0	0	0	0	0	0
23398	0	0	2069.6547	0	0	0	0	0	0	0	0	7635.8681	0	0	0	3158.6893	720.8819	0	0
23465	0	0	0	0	119814.6	0	0	0	0	0	0	0	0	0	0	0	0	0	0
23489	0	0	0	0	0	17482.54	1495.643	0	0	0	0	0	479.441	0	0	0	0	0	0
23597	0	0	0	0	0	0	0	0	0	0	0	0	0	0	0	0	9863.085	0	0
23624	0	0	0	0	0	0	0	0	0	0	0	0	0	387305.8	0	0	0	0	0
23628	0	0	0	0	0	0	0	0	4312.676	0	0	9353.565	0	0	0	0	0	0	0
23632	0	0	0	0	0	2429.142	0	0	0	0	0	0	0	0	0	0	0	0	0
23812	0	0	0	0	0	0	0	0	0	0	0	44838.38	0	0	0	0	0	0	0
23882	0	0	0	0	187825.7	0	0	0	0	0	0	0	0	0	0	0	0	0	0
23958	0	0	0	0	0	0	0	0	0	82.16427	0	0	0	0	0	302.5196	0	1124.39209	0
24085	0	0	0	0	0	1959.678	0	0	0	0	0	0	0	0	0	0	0	0	0
24171	0	0	0	0	0	0	0	0	0	0	0	0	0	4302.729	0	0	0	0	0
24218	0	0	0	0	0	0	0	0	0	0	0	0	0	0	0	0	106.7264	0	0
24220	0	0	0	0	28960.16	0	0	0	0	0	0	0	0	0	0	0	0	0	0
24308	0	0	0	0	0	0	0	0	0	0	0	660.2348	0	0	0	0	0	0	0
24311	0	0	0	0	0	1027.942	821.928	0	1217.667	0	3592.582	0	0	0	0	0	0	0	0
24329	14732.64	0	0	0	0	0	0	0	0	0	0	0	0	0	0	0	0	0	0
24494	1298446	0	0	0	0	0	0	0	0	0	0	0	0	0	0	0	0	0	0
24517	0	0	0	0	0	0	0	346.3685	0	0	0	0	0	0	0	0	0	0	0
24521	0	0	0	0	0	0	0	0	0	0	0	0	0	1841.739	0	0	0	0	0
24574	1764550	0	0	0	0	0	0	0	0	0	0	0	0	0	0	0	0	0	0
24756	0	0	0	0	2087.678	0	0	0	0	0	0	0	0	0	0	0	0	0	0
24800	0	0	0	0	0	0	0	0	6505.311	0	0	0	0	0	0	0	0	0	0
25015	10910.19	0	0	0	0	0	0	0	0	0	0	0	0	0	0	0	0	0	0
25104	0	0	0	0	0	0	0	0	700.703	0	6856.872	0	0	0	0	0	0	0	0
25134	0	0	0	0	0	0	0	0	0	0	0	557.5798	0	0	0	0	0	0	0
25208	0	0	0	0	0	0	0	0	0	0	0	0	0	0	0	0	1725.669	0	0
25311	0	0	0	0	0	0	0	0	1168.589	0	0	0	0	0	0	0	0	0	0
25339	448.66	0	0	0	0	0	0	0	0	0	0	0	0	0	0	0	0	0	0
25385	0	0	0	0	0	0	0	0	0	0	0	0	0	0	0	0	0	464.5536	0
25435	0	0	0	0	4043.656	0	0	0	0	0	0	0	0	0	0	0	0	0	0
25437	0	0	0	0	0	0	0	0	5152.609	0	0	0	0	0	0	0	0	0	0
25445	0	0	0	0	0	0	0	0	0	0	0	849.3574	0	0	0	0	0	0	0
25448	0	0	0	0	0	0	0	0	11559.28	0	0	0	0	0	0	0	0	0	0
25497	0	0	0	0	0	0	0	0	0	0	0	0	0	5001.478	0	0	0	0	0
25528	0	0	0	0	0	0	0	0	0	0	0	0	0	739.3137	0	0	0	0	0
25544	0	0	0	0	0	0	0	0	0	0	0	0	0	0	0	0	0	130.3943	0
25558	0	0	0	0	0	0	0	0	0	0	0	0	0	0	753.9483	0	0	0	0
25669	0	0	0	0	0	0	0	0	0	0	0	0	0	0	0	0	0	1423.874	0
25701	0	0	0	0	0	0	0	0	0	0	0	0	0	4583.927	0	0	0	0	0
25787	0	0	0	0	0	54.94161	0	0	0	0	0	0	0	0	0	0	1196.51867	0	0
25821	0	0	0	0	0	0	0	0	0	0	0	0	0	0	0	0	616.8421	0	0
25984	0	0	0	0	0	0	0	0	0	0	0	0	0	1126.792	0	0	0	0	0
26028	0	0	0	0	1584.229	0	0	0	0	0	0	0	0	0	0	0	0	0	0
26078	0	0	0	0	0	0	0	0	0	0	1336.604	0	653823.908	0	0	0	0	0	0
26156	0	0	0	0	5889.5864	0	0	0	0	0	0	0	0	800.4418	0	0	0	0	0
26220	0	0	0	0	0	0	0	0	0	0	0	0	0	15145.95	0	0	0	0	0
26223	0	0	0	0	0	0	0	0	0	0	93519.258	0	0	1412.851	0	0	177177.258	0	0
26304	0	0	0	0	0	0	0	0	0	0	0	0	0	0	0	0	391.1237	0	0
26490	0	0	0	0	0	0	0	0	0	0	1447.99	0	0	0	0	0	0	0	0
26516	0	0	0	0	0	0	0	0	0	0	0	0	0	5719.951	0	0	0	0	0
26585	0	0	0	0	0	0	0	0	0	0	1167.913	0	0	0	0	0	0	0	0
26658	0	0	0	0	0	0	0	0	0	0	2277.008	0	23478.535	0	0	0	0	0	0
26772	0	0	0	0	0	0	0	0	0	0	14369.07	0	0	0	0	0	0	0	0
26785	0	0	0	0	0	333.6462	542.7929	0	0	0	0	0	0	0	0	0	0	0	0
27037	0	0	0	0	0	0	0	0	749.4482	0	0	0	0	0	3873.2883	0	501.0304	0	0
27133	0	0	0	0	0	0	0	0	0	0	0	0	0	147179.5	0	0	0	0	0
27225	0	0	0	0	0	0	0	0	0	0	7767.576	0	1598.59	0	0	0	0	0	0
27305	0	0	0	0	0	0	0	0	0	0	0	0	0	0	0	0	14653.35	0	0
27312	0	0	0	0	0	0	0	0	0	0	0	0	12863.85	0	0	0	0	0	0
27322	0	0	0	0	0	0	0	0	0	0	0	0	0	0	0	0	0	12781.36	0
27380	0	0	0	0	0	0	0	0	0	0	1479.259	0	0	0	1345.048	0	0	0	0
27394	0	0	0	0	0	0	0	0	0	0	0	0	0	0	0	0	0	27060.55	0
27522	0	0	0	0	0	0	0	0	0	0	0	0	19924.54	0	0	0	0	0	0
27658	0	0	0	0	0	0	0	0	0	0	0	0	0	0	0	0	0	252.012	0
27726	0	0	0	0	0	0	0	0	0	0	0	0	0	0	0	0	0	57.19029	0
27738	0	0	0	0	4017.066	0	0	0	0	0	0	0	0	0	0	0	0	0	0
27801	0	0	0	0	0	0	195.033	190.3887	625.0129	928.6993	311.7582	0	0	0	0	0	0	0	0
27893	0	0	0	0	0	0	0	0	0	0	2142.505	0	0	0	0	0	0	0	0
27952	0	0	0	0	2521.534	0	0	0	0	0	0	0	0	0	0	0	0	0	0
27969	553.3314	0	0	0	2601.4973	412.3248	327.3645	0	0	0	0	0	0	0	0	0	0	0	1141.2567
28002	0	0	0	0	0	0	0	0	0	0	0	0	0	38430.74	0	0	0	0	0
28070	0	0	0	0	0	0	0	0	0	0	0	0	27137.166	6546.665	0	0	0	0	0
28233	0	0	0	0	0	0	0	0	0	0	0	0	0	61026	0	0	0	0	0
28234	0	0	0	0	0	0	0	0	0	0	0	0	0	0	0	0	0	943.8044	0
28295	0	0	0	0	0	0	0	0	0	0	0	0	5918.6	0	0	0	0	0	0
28501	0	0	0	0	0	0	0	0	0	0	26066.47	0	0	0	0	0	0	0	0
28632	0	0	0	0	0	0	0	0	0	0	18126.03	0	381387.49	0	221755.1	0	0	0	0
28648	0	0	0	0	0	0	0	0	0	0	0	0	0	0	3462.393	0	0	0	0
28658	0	0	0	0	0	0	5343.784	0	0	0	0	0	0	0	0	0	0	0	0
28673	0	0	0	0	0	0	0	0	0	0	0	0	0	3969.089	0	0	0	0	0
28870	0	0	0	0	0	0	0	0	0	0	0	0	0	0	0	0	1140567	0	0
28886	0	0	0	0	0	0	0	0	0	0	0	0	0	0	0	0	19434.18	0	0
28992	0	0	0	0	0	0	0	0	0	0	0	0	0	0	0	2833.1662	0	447.5256	0
29102	0	0	0	0	0	0	0	0	0	0	0	0	0	2001.586	0	0	17059.457	0	0
29128	0	0	0	0	1894.398	2521.206	0	0	5156.263	0	0	0	0	0	0	0	0	0	0
29351	12841.7873	0	7955.7031	5361.7223	0	0	520.803	0	0	0	828.6726	0	47173.2823	71409.3243	0	0	0	0	0
29638	0	0	0	0	0	0	0	0	0	1202.1401	2544.4225	0	0	991.2877	0	0	391.7906	3336.4098	0
29676	0	0	23882.409	0	2097.686	0	0	0	0	0	0	0	0	0	0	0	0	0	0
29709	0	0	1924.337	0	0	0	0	0	0	0	0	0	0	0	0	0	0	0	0
29710	0	0	1383.13	0	0	0	0	0	0	0	0	0	0	0	0	0	0	0	0
29770	0	0	8566.759	0	0	0	0	0	0	0	0	0	0	0	0	0	0	0	0
29780	0	0	0	0	0	7135.7659	0	0	0	1938.7057	0	0	0	0	0	0	630.8806	508.3368	0
29897	0	0	0	0	0	0	0	0	0	0	6761.43	0	0	0	0	0	0	0	0
29960	0	0	0	0	0	1354.762	0	0	0	0	0	0	0	0	0	0	0	0	0
30037	0	12989.89	0	0	67840.088	182375.311	25871.452	19066.187	53166.479	80871.436	3091.135	2321.782	0	0	0	7889.14	67741.381	12973.91	25409.49
30056	0	0	0	0	0	619.9134	0	0	0	0	0	2796.5958	0	0	0	478.1645	513.7436	0	0
30071	0	0	0	0	0	0	0	0	0	0	4052.497	0	0	0	0	0	0	0	0
30149	0	0	0	0	0	26374.46	0	0	0	0	0	0	0	0	0	0	0	0	0
30168	0	0	0	0	0	9336.069	0	0	0	0	0	0	0	0	0	0	0	0	0
30201	0	0	0	0	0	0	0	0	0	0	2409.266	0	0	0	0	0	0	0	0
30204	1054.095	0	0	0	0	0	0	354.5883	0	1404.1981	0	0	0	0	0	0	0	0	0
30214	0	0	0	0	0	0	0	0	0	0	1312.912	0	0	0	0	0	0	0	0
30478	7350.3458	550427.7911	0	0	79125.8031	229488.883	11141.4605	13561.4761	46892.979	124204.0927	14602.9774	58668.3646	85498.6939	679.3578	0	34721.6956	45506.4339	92107.4173	822811.4272
30529	0	0	0	0	0	0	0	0	0	0	0	0	0	2104.986	0	0	0	0	0
30739	0	3459.674	0	0	0	0	0	0	0	0	0	0	0	0	0	0	0	0	0
30750	0	0	0	0	0	74037.8303	0	461.3632	0	855.9721	0	0	0	0	0	0	1613.6312	0	0
30786	0	0	0	0	0	0	0	0	0	708.115	459.9944	0	0	0	0	0	0	0	0
30883	0	0	0	0	0	2124.3921	3980.0133	743.0671	2131.7932	367.3197	0	0	0	0	0	0	0	0	0
30897	0	0	0	0	0	0	0	0	0	0	32616.82	0	0	0	0	0	0	0	0
30922	0	0	0	0	0	0	1610.773	0	0	0	0	0	0	0	0	0	0	1070.206	0
31238	2116.038	0	0	0	0	0	0	0	0	0	0	0	0	0	0	0	0	0	0
31276	0	4380.637	0	0	0	0	0	0	0	0	0	0	0	0	0	0	0	0	0
31447	0	0	0	0	0	8340.826	0	0	16086.625	0	0	0	0	0	0	0	0	0	0
31448	0	0	0	0	0	0	0	0	0	0	0	0	0	5362.704	0	0	0	0	0
31502	6023.506	0	0	0	0	0	0	0	0	0	0	0	0	0	0	0	0	0	0
31996	3873.749	0	0	0	0	0	0	0	0	0	0	0	0	0	0	0	0	0	0
32068	0	0	0	0	0	8325.9	0	0	0	0	0	0	14151.86	0	0	0	0	0	0
32481	0	0	0	0	0	0	0	0	0	0	0	2656.418	0	0	0	0	0	0	0
32546	0	0	0	0	0	0	0	0	0	0	0	1488.635	0	0	0	0	0	0	0
32658	0	0	0	0	0	0	0	0	0	0	0	7617.604	0	0	0	0	0	0	0